{
 "cells": [
  {
   "cell_type": "markdown",
   "metadata": {},
   "source": [
    "# Relaciones y correlaciones"
   ]
  },
  {
   "cell_type": "markdown",
   "metadata": {},
   "source": [
    "## Objetivos\n",
    "\n",
    "Aprender a encontrar relaciones entre las columnas de nuestro Data Frame."
   ]
  },
  {
   "cell_type": "markdown",
   "metadata": {},
   "source": [
    "## Introducción\n",
    "\n",
    "La correlación entraría en el EDA que hemos de aplicar a nuestros datos casi al commienzo para entender cómo se comportan. A diferencia de otras medidas, las medidas de relación entre variables como la covarianza o la correlación implica la existencia de más de una variable.\n",
    "\n",
    "Conocer la relación que existe entre variables nos puede ayudar para la fase de selección de variables de cara a un modelo, para optimizar la recogida de datos, para detectar patrones interesantes y para generar mayor conocimiento sobre el problema.\n",
    "\n",
    "\n",
    "Pandas nos permite calcular la correlación entre dos columnas, así como una matriz de correlación. También podemos explorar otros tipos de relaciones entre columnas además de la correlación lineal.\n",
    "\n",
    "Ojo, [correlación no implica causalidad](http://www.tylervigen.com/spurious-correlations)"
   ]
  },
  {
   "cell_type": "markdown",
   "metadata": {},
   "source": [
    "### Correlación entre dos columnas\n",
    "\n",
    "Para calcular la correlación lineal entre dos columnas, usamos la función corr. Lo aplicamos a una columna y pasamos la otra columna como un argumento a la función.\n",
    "\n",
    "En nuestro Data Set 'vehicles', nos gustaría calcular la correlación entre 'City MPG' y 'Highway MPG'."
   ]
  },
  {
   "cell_type": "code",
   "execution_count": 2,
   "metadata": {},
   "outputs": [
    {
     "data": {
      "text/plain": [
       "0.9238555885288396"
      ]
     },
     "execution_count": 2,
     "metadata": {},
     "output_type": "execute_result"
    }
   ],
   "source": [
    "import numpy as np\n",
    "import pandas as pd\n",
    "\n",
    "vehicles = pd.read_csv('Data/vehicles.csv')\n",
    "vehicles['City MPG'].corr(vehicles['Highway MPG'])"
   ]
  },
  {
   "cell_type": "markdown",
   "metadata": {},
   "source": [
    "Una correlación cercana a 1 significa una fuerte relación lineal positiva entre las dos variables. Aquí la correlación es superior al 92%. Esto indica una fuerte relación lineal entre el rendimiento (MPG) entre ciudad y carretera de los vehículos."
   ]
  },
  {
   "cell_type": "markdown",
   "metadata": {},
   "source": [
    "### Matriz de Correlación\n",
    "\n",
    "\n",
    "En lugar de calcular la correlación para cada par de columnas, podemos calcular todas las correlaciones a la vez. En nuestro caso no todas las correlaciones serán significativas. Por ejemplo, la columna de año podría contener un valor numérico pero es ordinal. Por lo tanto, la correlación de año con valores como MPG o costo de combustible por año igual no tiene mucho sentido. Ahí entra en juego el juicio de cada uno."
   ]
  },
  {
   "cell_type": "code",
   "execution_count": 3,
   "metadata": {},
   "outputs": [
    {
     "data": {
      "text/html": [
       "<div>\n",
       "<style scoped>\n",
       "    .dataframe tbody tr th:only-of-type {\n",
       "        vertical-align: middle;\n",
       "    }\n",
       "\n",
       "    .dataframe tbody tr th {\n",
       "        vertical-align: top;\n",
       "    }\n",
       "\n",
       "    .dataframe thead th {\n",
       "        text-align: right;\n",
       "    }\n",
       "</style>\n",
       "<table border=\"1\" class=\"dataframe\">\n",
       "  <thead>\n",
       "    <tr style=\"text-align: right;\">\n",
       "      <th></th>\n",
       "      <th>Year</th>\n",
       "      <th>Engine Displacement</th>\n",
       "      <th>Cylinders</th>\n",
       "      <th>Fuel Barrels/Year</th>\n",
       "      <th>City MPG</th>\n",
       "      <th>Highway MPG</th>\n",
       "      <th>Combined MPG</th>\n",
       "      <th>CO2 Emission Grams/Mile</th>\n",
       "      <th>Fuel Cost/Year</th>\n",
       "    </tr>\n",
       "  </thead>\n",
       "  <tbody>\n",
       "    <tr>\n",
       "      <th>Year</th>\n",
       "      <td>1.000000</td>\n",
       "      <td>0.037876</td>\n",
       "      <td>0.082469</td>\n",
       "      <td>-0.221084</td>\n",
       "      <td>0.161818</td>\n",
       "      <td>0.267259</td>\n",
       "      <td>0.204751</td>\n",
       "      <td>-0.222300</td>\n",
       "      <td>-0.091913</td>\n",
       "    </tr>\n",
       "    <tr>\n",
       "      <th>Engine Displacement</th>\n",
       "      <td>0.037876</td>\n",
       "      <td>1.000000</td>\n",
       "      <td>0.901858</td>\n",
       "      <td>0.789752</td>\n",
       "      <td>-0.740317</td>\n",
       "      <td>-0.715039</td>\n",
       "      <td>-0.746782</td>\n",
       "      <td>0.803520</td>\n",
       "      <td>0.769678</td>\n",
       "    </tr>\n",
       "    <tr>\n",
       "      <th>Cylinders</th>\n",
       "      <td>0.082469</td>\n",
       "      <td>0.901858</td>\n",
       "      <td>1.000000</td>\n",
       "      <td>0.739517</td>\n",
       "      <td>-0.703866</td>\n",
       "      <td>-0.650287</td>\n",
       "      <td>-0.698648</td>\n",
       "      <td>0.752393</td>\n",
       "      <td>0.778153</td>\n",
       "    </tr>\n",
       "    <tr>\n",
       "      <th>Fuel Barrels/Year</th>\n",
       "      <td>-0.221084</td>\n",
       "      <td>0.789752</td>\n",
       "      <td>0.739517</td>\n",
       "      <td>1.000000</td>\n",
       "      <td>-0.877752</td>\n",
       "      <td>-0.909664</td>\n",
       "      <td>-0.909743</td>\n",
       "      <td>0.986189</td>\n",
       "      <td>0.916208</td>\n",
       "    </tr>\n",
       "    <tr>\n",
       "      <th>City MPG</th>\n",
       "      <td>0.161818</td>\n",
       "      <td>-0.740317</td>\n",
       "      <td>-0.703866</td>\n",
       "      <td>-0.877752</td>\n",
       "      <td>1.000000</td>\n",
       "      <td>0.923856</td>\n",
       "      <td>0.985457</td>\n",
       "      <td>-0.894139</td>\n",
       "      <td>-0.858645</td>\n",
       "    </tr>\n",
       "    <tr>\n",
       "      <th>Highway MPG</th>\n",
       "      <td>0.267259</td>\n",
       "      <td>-0.715039</td>\n",
       "      <td>-0.650287</td>\n",
       "      <td>-0.909664</td>\n",
       "      <td>0.923856</td>\n",
       "      <td>1.000000</td>\n",
       "      <td>0.969392</td>\n",
       "      <td>-0.926405</td>\n",
       "      <td>-0.851404</td>\n",
       "    </tr>\n",
       "    <tr>\n",
       "      <th>Combined MPG</th>\n",
       "      <td>0.204751</td>\n",
       "      <td>-0.746782</td>\n",
       "      <td>-0.698648</td>\n",
       "      <td>-0.909743</td>\n",
       "      <td>0.985457</td>\n",
       "      <td>0.969392</td>\n",
       "      <td>1.000000</td>\n",
       "      <td>-0.926229</td>\n",
       "      <td>-0.875185</td>\n",
       "    </tr>\n",
       "    <tr>\n",
       "      <th>CO2 Emission Grams/Mile</th>\n",
       "      <td>-0.222300</td>\n",
       "      <td>0.803520</td>\n",
       "      <td>0.752393</td>\n",
       "      <td>0.986189</td>\n",
       "      <td>-0.894139</td>\n",
       "      <td>-0.926405</td>\n",
       "      <td>-0.926229</td>\n",
       "      <td>1.000000</td>\n",
       "      <td>0.930865</td>\n",
       "    </tr>\n",
       "    <tr>\n",
       "      <th>Fuel Cost/Year</th>\n",
       "      <td>-0.091913</td>\n",
       "      <td>0.769678</td>\n",
       "      <td>0.778153</td>\n",
       "      <td>0.916208</td>\n",
       "      <td>-0.858645</td>\n",
       "      <td>-0.851404</td>\n",
       "      <td>-0.875185</td>\n",
       "      <td>0.930865</td>\n",
       "      <td>1.000000</td>\n",
       "    </tr>\n",
       "  </tbody>\n",
       "</table>\n",
       "</div>"
      ],
      "text/plain": [
       "                             Year  Engine Displacement  Cylinders  \\\n",
       "Year                     1.000000             0.037876   0.082469   \n",
       "Engine Displacement      0.037876             1.000000   0.901858   \n",
       "Cylinders                0.082469             0.901858   1.000000   \n",
       "Fuel Barrels/Year       -0.221084             0.789752   0.739517   \n",
       "City MPG                 0.161818            -0.740317  -0.703866   \n",
       "Highway MPG              0.267259            -0.715039  -0.650287   \n",
       "Combined MPG             0.204751            -0.746782  -0.698648   \n",
       "CO2 Emission Grams/Mile -0.222300             0.803520   0.752393   \n",
       "Fuel Cost/Year          -0.091913             0.769678   0.778153   \n",
       "\n",
       "                         Fuel Barrels/Year  City MPG  Highway MPG  \\\n",
       "Year                             -0.221084  0.161818     0.267259   \n",
       "Engine Displacement               0.789752 -0.740317    -0.715039   \n",
       "Cylinders                         0.739517 -0.703866    -0.650287   \n",
       "Fuel Barrels/Year                 1.000000 -0.877752    -0.909664   \n",
       "City MPG                         -0.877752  1.000000     0.923856   \n",
       "Highway MPG                      -0.909664  0.923856     1.000000   \n",
       "Combined MPG                     -0.909743  0.985457     0.969392   \n",
       "CO2 Emission Grams/Mile           0.986189 -0.894139    -0.926405   \n",
       "Fuel Cost/Year                    0.916208 -0.858645    -0.851404   \n",
       "\n",
       "                         Combined MPG  CO2 Emission Grams/Mile  Fuel Cost/Year  \n",
       "Year                         0.204751                -0.222300       -0.091913  \n",
       "Engine Displacement         -0.746782                 0.803520        0.769678  \n",
       "Cylinders                   -0.698648                 0.752393        0.778153  \n",
       "Fuel Barrels/Year           -0.909743                 0.986189        0.916208  \n",
       "City MPG                     0.985457                -0.894139       -0.858645  \n",
       "Highway MPG                  0.969392                -0.926405       -0.851404  \n",
       "Combined MPG                 1.000000                -0.926229       -0.875185  \n",
       "CO2 Emission Grams/Mile     -0.926229                 1.000000        0.930865  \n",
       "Fuel Cost/Year              -0.875185                 0.930865        1.000000  "
      ]
     },
     "execution_count": 3,
     "metadata": {},
     "output_type": "execute_result"
    }
   ],
   "source": [
    "vehicles.corr()"
   ]
  },
  {
   "cell_type": "markdown",
   "metadata": {},
   "source": [
    "La diagonal de una matriz de correlación es siempre 1, ya que cada variable tiene una correlación perfecta consigo misma. Podemos ver algunas relaciones interesantes. Por ejemplo, el desplazamiento del motor tiene más del 90% de correlación con el número de cilindros. El costo del combustible por año tiene una fuerte correlación negativa con el MPG combinado. Todos los grupos de MPG tienen una fuerte correlación entre sí."
   ]
  },
  {
   "cell_type": "markdown",
   "metadata": {},
   "source": [
    "### Otros tipos de Correlación"
   ]
  },
  {
   "cell_type": "markdown",
   "metadata": {},
   "source": [
    "La función .corr de pandas permite tres tipos de correlación.\n",
    "\n",
    "El primero que exploramos se llama correlación de Pearson. La correlación de Pearson evalúa la relación lineal entre dos variables continuas. Una relación es lineal cuando un cambio en una variable se asocia con un cambio proporcional en la otra variable.\n",
    "\n",
    "Por ejemplo, imagina que tienes una fábrica de chocolate. Podría serte útil usar una correlación de Pearson para evaluar si los aumentos de temperatura en tus instalaciones de producción están asociados con una disminución en el espesor de las capas de chocolate.\n",
    "\n",
    "Sin embargo, también podemos examinar los otros dos tipos de correlación."
   ]
  },
  {
   "cell_type": "markdown",
   "metadata": {},
   "source": [
    "#### Correlación de Spearman (medida no paramétrica de correlación)\n",
    "\n",
    "La [correlación de Spearman](https://support.minitab.com/es-mx/minitab/18/help-and-how-to/statistics/basic-statistics/supporting-topics/correlation-and-covariance/a-comparison-of-the-pearson-and-spearman-correlation-methods/) evalúa [la relación monótona](https://support.minitab.com/es-mx/minitab/18/help-and-how-to/statistics/basic-statistics/supporting-topics/basics/linear-nonlinear-and-monotonic-relationships/)  entre dos variables continuas u ordinales. En una relación monótona, las variables tienden a cambiar al mismo tiempo, pero no necesariamente a un ritmo constante. \n",
    "\n",
    "La correlación de Spearman suele utilizarse para evaluar relaciones en las que intervienen variables ordinales. Por ejemplo, podemos usar una correlación de Spearman para evaluar si el orden en que los empleados completan un ejercicio de prueba se relaciona con el número de meses que han estado trabajando en la empresa.\n",
    "\n",
    "\n",
    "Con la correlación de Spearman solo estamos viendo si los datos se están moviendo en la misma dirección o en la dirección opuesta. Podemos medir la correlación de Spearman clasificando los datos de cada columna de mayor a menor y luego calcular la correlación de Pearson de esos rangos.\n",
    "\n",
    "- Lo podemos utilizar cuando las dos variables que queremos asociar no tienen una distribución normal\n",
    "- [Cuando son de tipo ordinal](https://www.monografias.com/trabajos85/coeficiente-correlacion-rangos-spearman/coeficiente-correlacion-rangos-spearman.shtml)\n",
    "- Cuando la muestra es muy pequeña (menor de 30 casos)"
   ]
  },
  {
   "cell_type": "code",
   "execution_count": 5,
   "metadata": {},
   "outputs": [
    {
     "data": {
      "text/html": [
       "<div>\n",
       "<style scoped>\n",
       "    .dataframe tbody tr th:only-of-type {\n",
       "        vertical-align: middle;\n",
       "    }\n",
       "\n",
       "    .dataframe tbody tr th {\n",
       "        vertical-align: top;\n",
       "    }\n",
       "\n",
       "    .dataframe thead th {\n",
       "        text-align: right;\n",
       "    }\n",
       "</style>\n",
       "<table border=\"1\" class=\"dataframe\">\n",
       "  <thead>\n",
       "    <tr style=\"text-align: right;\">\n",
       "      <th></th>\n",
       "      <th>Year</th>\n",
       "      <th>Engine Displacement</th>\n",
       "      <th>Cylinders</th>\n",
       "      <th>Fuel Barrels/Year</th>\n",
       "      <th>City MPG</th>\n",
       "      <th>Highway MPG</th>\n",
       "      <th>Combined MPG</th>\n",
       "      <th>CO2 Emission Grams/Mile</th>\n",
       "      <th>Fuel Cost/Year</th>\n",
       "    </tr>\n",
       "  </thead>\n",
       "  <tbody>\n",
       "    <tr>\n",
       "      <th>Year</th>\n",
       "      <td>1.000000</td>\n",
       "      <td>0.051370</td>\n",
       "      <td>0.068727</td>\n",
       "      <td>-0.214857</td>\n",
       "      <td>0.157137</td>\n",
       "      <td>0.266934</td>\n",
       "      <td>0.205080</td>\n",
       "      <td>-0.215108</td>\n",
       "      <td>-0.091437</td>\n",
       "    </tr>\n",
       "    <tr>\n",
       "      <th>Engine Displacement</th>\n",
       "      <td>0.051370</td>\n",
       "      <td>1.000000</td>\n",
       "      <td>0.927979</td>\n",
       "      <td>0.827152</td>\n",
       "      <td>-0.848167</td>\n",
       "      <td>-0.754080</td>\n",
       "      <td>-0.824065</td>\n",
       "      <td>0.831333</td>\n",
       "      <td>0.794755</td>\n",
       "    </tr>\n",
       "    <tr>\n",
       "      <th>Cylinders</th>\n",
       "      <td>0.068727</td>\n",
       "      <td>0.927979</td>\n",
       "      <td>1.000000</td>\n",
       "      <td>0.784595</td>\n",
       "      <td>-0.818672</td>\n",
       "      <td>-0.698356</td>\n",
       "      <td>-0.783362</td>\n",
       "      <td>0.788777</td>\n",
       "      <td>0.790481</td>\n",
       "    </tr>\n",
       "    <tr>\n",
       "      <th>Fuel Barrels/Year</th>\n",
       "      <td>-0.214857</td>\n",
       "      <td>0.827152</td>\n",
       "      <td>0.784595</td>\n",
       "      <td>1.000000</td>\n",
       "      <td>-0.974144</td>\n",
       "      <td>-0.963335</td>\n",
       "      <td>-0.990364</td>\n",
       "      <td>0.995539</td>\n",
       "      <td>0.919069</td>\n",
       "    </tr>\n",
       "    <tr>\n",
       "      <th>City MPG</th>\n",
       "      <td>0.157137</td>\n",
       "      <td>-0.848167</td>\n",
       "      <td>-0.818672</td>\n",
       "      <td>-0.974144</td>\n",
       "      <td>1.000000</td>\n",
       "      <td>0.930120</td>\n",
       "      <td>0.985062</td>\n",
       "      <td>-0.979787</td>\n",
       "      <td>-0.928713</td>\n",
       "    </tr>\n",
       "    <tr>\n",
       "      <th>Highway MPG</th>\n",
       "      <td>0.266934</td>\n",
       "      <td>-0.754080</td>\n",
       "      <td>-0.698356</td>\n",
       "      <td>-0.963335</td>\n",
       "      <td>0.930120</td>\n",
       "      <td>1.000000</td>\n",
       "      <td>0.970769</td>\n",
       "      <td>-0.968693</td>\n",
       "      <td>-0.876067</td>\n",
       "    </tr>\n",
       "    <tr>\n",
       "      <th>Combined MPG</th>\n",
       "      <td>0.205080</td>\n",
       "      <td>-0.824065</td>\n",
       "      <td>-0.783362</td>\n",
       "      <td>-0.990364</td>\n",
       "      <td>0.985062</td>\n",
       "      <td>0.970769</td>\n",
       "      <td>1.000000</td>\n",
       "      <td>-0.995258</td>\n",
       "      <td>-0.926078</td>\n",
       "    </tr>\n",
       "    <tr>\n",
       "      <th>CO2 Emission Grams/Mile</th>\n",
       "      <td>-0.215108</td>\n",
       "      <td>0.831333</td>\n",
       "      <td>0.788777</td>\n",
       "      <td>0.995539</td>\n",
       "      <td>-0.979787</td>\n",
       "      <td>-0.968693</td>\n",
       "      <td>-0.995258</td>\n",
       "      <td>1.000000</td>\n",
       "      <td>0.922723</td>\n",
       "    </tr>\n",
       "    <tr>\n",
       "      <th>Fuel Cost/Year</th>\n",
       "      <td>-0.091437</td>\n",
       "      <td>0.794755</td>\n",
       "      <td>0.790481</td>\n",
       "      <td>0.919069</td>\n",
       "      <td>-0.928713</td>\n",
       "      <td>-0.876067</td>\n",
       "      <td>-0.926078</td>\n",
       "      <td>0.922723</td>\n",
       "      <td>1.000000</td>\n",
       "    </tr>\n",
       "  </tbody>\n",
       "</table>\n",
       "</div>"
      ],
      "text/plain": [
       "                             Year  Engine Displacement  Cylinders  \\\n",
       "Year                     1.000000             0.051370   0.068727   \n",
       "Engine Displacement      0.051370             1.000000   0.927979   \n",
       "Cylinders                0.068727             0.927979   1.000000   \n",
       "Fuel Barrels/Year       -0.214857             0.827152   0.784595   \n",
       "City MPG                 0.157137            -0.848167  -0.818672   \n",
       "Highway MPG              0.266934            -0.754080  -0.698356   \n",
       "Combined MPG             0.205080            -0.824065  -0.783362   \n",
       "CO2 Emission Grams/Mile -0.215108             0.831333   0.788777   \n",
       "Fuel Cost/Year          -0.091437             0.794755   0.790481   \n",
       "\n",
       "                         Fuel Barrels/Year  City MPG  Highway MPG  \\\n",
       "Year                             -0.214857  0.157137     0.266934   \n",
       "Engine Displacement               0.827152 -0.848167    -0.754080   \n",
       "Cylinders                         0.784595 -0.818672    -0.698356   \n",
       "Fuel Barrels/Year                 1.000000 -0.974144    -0.963335   \n",
       "City MPG                         -0.974144  1.000000     0.930120   \n",
       "Highway MPG                      -0.963335  0.930120     1.000000   \n",
       "Combined MPG                     -0.990364  0.985062     0.970769   \n",
       "CO2 Emission Grams/Mile           0.995539 -0.979787    -0.968693   \n",
       "Fuel Cost/Year                    0.919069 -0.928713    -0.876067   \n",
       "\n",
       "                         Combined MPG  CO2 Emission Grams/Mile  Fuel Cost/Year  \n",
       "Year                         0.205080                -0.215108       -0.091437  \n",
       "Engine Displacement         -0.824065                 0.831333        0.794755  \n",
       "Cylinders                   -0.783362                 0.788777        0.790481  \n",
       "Fuel Barrels/Year           -0.990364                 0.995539        0.919069  \n",
       "City MPG                     0.985062                -0.979787       -0.928713  \n",
       "Highway MPG                  0.970769                -0.968693       -0.876067  \n",
       "Combined MPG                 1.000000                -0.995258       -0.926078  \n",
       "CO2 Emission Grams/Mile     -0.995258                 1.000000        0.922723  \n",
       "Fuel Cost/Year              -0.926078                 0.922723        1.000000  "
      ]
     },
     "execution_count": 5,
     "metadata": {},
     "output_type": "execute_result"
    }
   ],
   "source": [
    "vehicles.corr(method = 'spearman')"
   ]
  }
 ],
 "metadata": {
  "kernelspec": {
   "display_name": "Python 3",
   "language": "python",
   "name": "python3"
  },
  "language_info": {
   "codemirror_mode": {
    "name": "ipython",
    "version": 3
   },
   "file_extension": ".py",
   "mimetype": "text/x-python",
   "name": "python",
   "nbconvert_exporter": "python",
   "pygments_lexer": "ipython3",
   "version": "3.7.3"
  }
 },
 "nbformat": 4,
 "nbformat_minor": 2
}
